notebooks/AGN_17032813.ecsv
# %ECSV 1.0
# ---
# datatype:
# - {name: MJD, datatype: float64}
# - {name: BAND, datatype: string}
# - {name: FLUXCAL, datatype: float32}
# - {name: FLUXCALERR, datatype: float32}
# - {name: PHOTFLAG, datatype: int32}
# meta: !!omap
# - {RA: 8.254658693564833}
# - {DEC: -19.237007751492673}
# - {MWEBV: 0.019017742946743965}
# - {MWEBV_ERR: 0.0009508871589787304}
# - {REDSHIFT_HELIO: 0.2852136790752411}
# - {REDSHIFT_HELIO_ERR: 0.29243001341819763}
# - {VPEC: 0.0}
# - {VPEC_ERR: 300.0}
# - {HOSTGAL_PHOTOZ: 0.2852136790752411}
# - {HOSTGAL_PHOTOZ_ERR: 0.29243001341819763}
# - {HOSTGAL_SPECZ: -9.0}
# - {HOSTGAL_SPECZ_ERR: -9.0}
# - {HOSTGAL_RA: 8.25465074942761}
# - {HOSTGAL_DEC: -19.2370160461322}
# - {HOSTGAL_SNSEP: 0.040309689939022064}
# - {HOSTGAL_DDLR: 0.06043460965156555}
# - {HOSTGAL_LOGMASS: 7.819200038909912}
# - {HOSTGAL_LOGMASS_ERR: -9999.0}
# - {HOSTGAL_LOGSFR: -9999.0}
# - {HOSTGAL_LOGSFR_ERR: -9999.0}
# - {HOSTGAL_LOGsSFR: -9999.0}
# - {HOSTGAL_LOGsSFR_ERR: -9999.0}
# - {HOSTGAL_COLOR: -9999.0}
# - {HOSTGAL_COLOR_ERR: -9999.0}
# - {HOSTGAL_ELLIPTICITY: 0.2946999967098236}
# - {HOSTGAL_MAG_u: 25.923744201660156}
# - {HOSTGAL_MAG_g: 24.598026275634766}
# - {HOSTGAL_MAG_r: 23.786739349365234}
# - {HOSTGAL_MAG_i: 23.446096420288086}
# - {HOSTGAL_MAG_z: 23.174684524536133}
# - {HOSTGAL_MAG_Y: 23.133522033691406}
# - {HOSTGAL_MAGERR_u: 0.8679500222206116}
# - {HOSTGAL_MAGERR_g: 0.07744999974966049}
# - {HOSTGAL_MAGERR_r: 0.038029998540878296}
# - {HOSTGAL_MAGERR_i: 0.04075000062584877}
# - {HOSTGAL_MAGERR_z: 0.05403999984264374}
# - {HOSTGAL_MAGERR_Y: 0.1133200004696846}
# - {MW_plane_flag: 0}
# - {ELAIS_S1_flag: 0}
# - {XMM-LSS_flag: 0}
# - {Extended_Chandra_Deep_Field-South_flag: 0}
# - {COSMOS_flag: 0}
# schema: astropy-2.0
MJD BAND FLUXCAL FLUXCALERR PHOTFLAG
0.0 z 29.873867 14.653912 0
0.024899999996705443 i -129.364 11.491417 6144
10.001400000001013 u 32.23296 12.735434 0
10.025099999998929 r 770.2578 9.1456175 4096
11.997699999999895 u 8.7568035 5.6472173 0
12.020400000001246 r 758.1768 8.05634 4096
13.921799999996438 i -131.09286 7.7958207 4096
13.933599999996659 i -127.39846 4.635382 4096
13.935399999994843 r 572.88477 5.6019444 4096
13.947099999997588 r 592.96045 6.425153 4096
14.93529999999737 Y -0.3438442 24.934898 0
14.947699999996985 Y -45.98189 25.616634 0
16.955399999998917 r 217.71141 4.2210226 4096
16.980299999995623 i -127.99399 4.659536 4096
165.3188999999984 r 333.095 8.885434 4096
228.3214999999982 i -140.62616 8.3430805 4096
228.33439999999973 z -0.60713536 14.068894 0
235.2181999999957 Y 1186.6329 74.82788 4096
246.2963000000018 r 141.51193 5.3701105 4096
246.29679999999644 r 141.67819 5.3551292 4096
246.30769999999757 i -115.378555 6.3370557 4096
246.30809999999474 i -127.29551 6.26249 4096
252.32370000000083 i -83.2171 8.550419 0
253.29899999999904 i -109.80211 5.1973634 4096
253.3104999999996 r 126.28125 4.604992 4096
254.32510000000184 r 85.0013 7.063161 4096
263.1464999999953 Y 625.36096 24.111189 4096
263.1477999999988 Y 692.9421 23.961645 4096
263.1696000000011 Y 637.4617 21.084274 4096
268.24029999999766 z -26.038574 11.105462 0
268.2644999999975 Y 484.8801 22.254936 4096
272.2468999999983 z -13.987386 9.114998 0
272.268799999998 Y 368.82077 23.210182 4096
284.23339999999735 r -20.487907 5.503473 0
284.255799999999 i -97.26047 8.416804 4096
289.0449000000008 i -95.3427 10.095655 4096
289.0735999999961 z -11.672636 13.078823 0
289.09820000000036 Y 2465.1252 30.460775 4096
290.2123999999967 i -95.82899 9.880419 4096
290.216499999995 i -104.42908 9.174924 4096
290.2367000000013 z -31.736948 16.1628 0
290.2407999999996 z -26.577635 16.653576 0
291.21250000000146 Y 2112.1333 47.17338 4096
291.23569999999745 Y 2276.263 36.60967 4096
303.1501999999964 g 14870.657 73.33196 4096
303.17439999999624 r 15.568313 4.97037 0
305.9953999999998 g -1149.153 18.385075 4096
310.05079999999725 g -4020.2422 23.602701 4096
310.0760999999984 r 34.341324 3.3908885 4096
311.1547999999966 r 37.059418 5.1870623 0
311.1794000000009 i -97.61798 7.628055 4096
325.1009999999951 z -26.32572 19.387566 0
325.10139999999956 z 2.9390118 18.281364 0
329.9228000000003 r 153.9976 8.926998 4096
329.92549999999756 r 152.39082 7.0482597 4096
329.9470999999976 i -108.0455 6.054289 4096
329.94979999999487 i -105.73155 5.9110413 4096
330.1071000000011 r 189.04674 4.4330196 4096
330.10979999999836 r 194.72841 5.0972958 4096
330.1310000000012 i -97.176346 8.5724945 4096
330.1336999999985 i -108.64119 8.8924885 4096
335.10729999999603 u 664.31213 16.842665 4096
335.1308999999965 r 335.00488 12.3729925 4096
337.09040000000095 r 435.07123 5.932494 4096
337.11439999999857 i -76.34953 6.729443 4096
351.02649999999994 i -58.054646 15.947281 4096
351.05079999999725 z 6.705835 17.959827 0
352.02419999999984 Y 4946.975 41.57738 4096
352.04679999999644 Y 4909.5117 42.45462 4096
357.03689999999915 g -11518.198 53.386127 4096
357.0610000000015 r 1119.0254 9.809675 4096
364.0291999999972 u 351.75058 9.194111 4096
364.05169999999634 r 4301.3384 23.1444 4096
368.0060000000012 r 5980.0146 30.351683 4096
368.99089999999705 u 554.107 10.86915 4096
369.0135999999984 r 4348.4995 23.165335 4096
371.9570999999996 r 5505.624 28.277271 4096
371.9811999999947 i -91.40671 8.310754 4096
377.9331999999995 z 52.696903 11.875892 0
377.94719999999506 i -103.45592 10.789573 4096
380.0124999999971 z 74.636086 17.331964 0
381.96600000000035 i -116.57094 11.860691 4096
381.96779999999853 i -113.10356 11.81601 4096
381.9899000000005 z 21.273588 15.391692 0
381.9916999999987 z 2.4893987 15.091305 0
382.9617999999973 z 49.07487 13.594196 0
382.9858999999997 Y 1221.6123 32.686462 4096
589.2874000000011 z 268.43054 19.177607 4096
589.2888999999996 z 247.41733 18.810436 4096
590.2315000000017 z 338.29465 20.649225 4096
590.2558999999965 Y 346.41483 28.615337 4096
618.2788 Y -113.95651 34.51306 0
618.2897000000012 Y -83.06252 28.964502 0
641.2597999999998 g 15817.15 77.94954 4096
641.2881999999954 r 4121.3687 22.32674 4096
683.9599999999991 i 130.3364 6.8549867 4096
683.9603999999963 i 116.149475 6.975843 4096
683.9848999999958 z -20.450884 8.892616 0
683.9853999999978 z -13.367565 9.150275 0
685.014900000002 g 0.0 100000000.0 1024
685.0153999999966 g 0.0 100000000.0 1024
686.0167999999976 i 153.50867 5.795562 4096
692.0898000000016 g 0.0 100000000.0 1024
692.1140999999989 r 16796.488 80.47761 4096
719.0263999999952 u 6786.529 46.602093 4096
719.0493999999962 r 76319.016 352.98355 4096
729.0040000000008 i 972.5031 8.921319 4096
735.0328000000009 Y 118.621475 25.673098 0
735.0553999999975 Y 54.339912 29.440817 0
973.1564999999973 Y -29.739815 31.112736 0
973.1808000000019 z 30.410938 16.05592 0
981.1169000000009 r 2071.6348 14.025387 4096
981.1418999999951 i 70.84693 9.302161 4096
981.1651999999958 i 53.879944 6.61793 4096
981.2799000000015 i 93.86512 6.7707314 4096
981.2914000000019 z 31.009993 12.907316 0
981.3032999999996 r 1972.239 12.814973 4096
981.3145999999979 i 106.721275 7.9127474 4096
982.2973999999957 i 25.842361 6.8520327 0
982.2978999999978 i 25.817438 6.7555137 0
982.3088999999964 z -12.960145 11.014115 0
982.3093000000007 z 6.467088 10.788892 0
983.2724999999991 i 8.534699 7.468178 0
983.2839999999998 r 1249.4172 9.343169 4096
984.3260999999984 r 916.4462 9.717502 4096
986.2734999999956 r 1066.2297 9.387708 4096
986.2846999999965 i 19.356028 7.8756604 0
993.2708999999958 r 2067.3123 12.574086 4096
993.2713999999978 r 2029.5756 12.48631 4096
993.282299999999 i 73.24363 7.122398 4096
993.2828000000007 i 78.61122 7.074159 4096
994.2802999999985 Y -53.801804 24.753332 0
994.2903000000007 Y -90.91035 20.096605 0
996.2439999999989 i 196.60628 7.2941966 4096
996.2678000000014 z -19.195694 10.884912 0
998.2394999999962 Y -99.04858 23.74954 0
998.263699999996 z -17.077469 17.461237 0
1000.1227999999975 Y -132.79147 33.656197 4096
1000.1236999999965 Y -175.82755 34.14483 0
1000.1477999999988 z -18.788015 23.02367 0
1000.1486999999979 z -8.755873 23.199633 0
1000.1552999999985 z 12.686871 18.170858 0
1000.1801999999951 Y -112.86771 27.7368 0
1014.2439999999988 g 0.0 100000000.0 1024
1014.2658999999986 r 14088.164 68.16777 4096
1015.1852999999974 r 15965.953 76.60644 4096
1015.2092999999949 i -108.899536 7.103376 4096
1016.2273999999961 g 0.0 100000000.0 1024
1020.2111999999978 g 0.0 100000000.0 1024
1020.2351999999955 r 8080.201 40.244263 4096
1021.2396000000007 r 6132.538 31.838472 4096
1021.2662999999957 i -7.3868694 14.9971 0
1024.1668999999965 z -12.3459215 10.171715 0
1024.1907999999967 Y -185.16112 27.273354 0
1024.2059999999983 i -26.467672 10.056445 0
1024.229999999996 z -22.361166 17.361929 0
1025.9992999999959 Y -197.70728 22.476435 4096
1026.022299999997 Y -118.257 28.566093 0
1026.1699999999983 z -36.162155 11.514515 0
1026.1939999999959 Y -124.089935 39.055058 0
1026.2079999999987 i -80.76253 8.566655 4096
1026.2319999999963 z -39.78141 18.227987 0
1027.1982999999964 z -31.260487 12.205877 0
1027.2224999999962 Y -151.95349 25.69347 4096
1037.1403999999966 r 2810.0608 17.194344 4096
1037.164499999999 i -118.29871 11.7537155 4096
1042.9536999999982 r 1527.265 10.453785 4096
1042.9773999999961 u 212.8148 8.145955 4096
1044.9602999999988 u 237.32878 8.507786 4096
1044.983699999997 r 1324.299 9.241865 4096
1045.2286999999997 g 0.0 100000000.0 1024
1047.165399999998 g 0.0 100000000.0 1024
1047.1657999999952 g 0.0 100000000.0 1024
1047.1895999999979 r 1204.0947 9.242959 4096
1047.1900999999998 r 1234.0552 9.102178 4096
1048.144699999997 r 1488.543 9.964119 4096
1049.971399999995 u 283.4608 10.042442 4096
1052.917499999996 i -81.929214 9.253607 4096
1052.9421999999977 r 1597.2478 10.922537 4096
1053.918899999997 z 17.318104 27.161844 0
1053.9429000000018 Y -150.60408 49.82533 0
1054.1045000000013 z 20.329659 12.619415 0
1054.128499999999 Y -114.19352 24.655497 0
1054.128899999996 Y -136.18115 24.48843 0
1054.1513999999952 Y -157.32494 24.756077 0
1055.002999999997 i -81.220474 6.088791 4096
1055.027399999999 z 27.838688 8.956304 0
1062.9300999999978 i -91.11456 11.6727085 0
1062.9547999999995 z 33.743526 11.754907 0
1063.101999999999 i -94.024826 10.275209 4096
1063.1259999999966 z 67.9011 17.818726 0
1064.0617999999959 z 15.579831 13.863282 0
1064.0858000000007 i -108.99377 13.104848 4096
1064.9658999999956 g 93427.734 430.23138 4096
1064.9700999999986 g 95221.016 444.46698 4096
1064.9907999999996 r 1672.0386 11.37994 4096
1064.9951 r 1671.4377 11.9324045 4096
1065.1124999999956 r 1574.1434 15.552063 4096
1065.1365000000005 i -101.7245 13.411422 4096
1076.906299999995 r 1415.2644 9.447843 4096
1076.9187999999995 i -65.00961 4.891662 4096
1078.0251999999964 r 1367.3032 9.215688 4096
1078.0492000000013 i -78.38413 5.9262295 4096
1078.0622999999978 u 47.91336 5.871484 4096
1078.0849999999991 g 31787.275 151.34888 4096
1081.915399999998 Y -148.70715 19.897041 4096
1081.9268999999986 Y -153.30865 17.004631 4096
1083.9328999999998 i -51.635483 6.4774327 4096
1083.9574999999968 z 79.58496 11.060581 4096
1089.0017000000007 Y -110.62499 21.300097 4096
1089.0244999999995 Y -138.25352 24.904663 4096
1089.0469999999987 Y -104.11081 25.908129 0
1089.9216000000015 i -47.522224 9.253363 0
1089.9347999999954 z 63.444214 11.980612 0
1091.0285999999978 Y -126.074684 25.966656 0
1091.0515000000014 Y -163.70026 29.210785 4096
1093.002999999997 r 3672.4246 20.316454 4096
1093.0267999999996 i -66.70862 8.183581 4096
1096.0049999999974 g -5413.5063 28.682953 4096
1096.0288 r 3589.9458 19.657766 4096
1096.9859999999971 r 4806.699 25.073511 4096
1097.0109999999986 i -41.107082 7.802388 0
1101.0003999999972 g -9773.323 46.225048 4096
1101.0017000000007 g -9727.491 46.16012 4096
1101.0242999999973 r 9092.252 44.901302 4096
1101.0256000000008 r 9009.814 44.73475 4096
